0.0 -0.0100015984444
0.000750187546887 -0.0881259959101
0.00150037509377 0.109582398004
0.00225056264066 0.041195682058
0.00300075018755 -0.128991562661
0.00375093773443 0.0110262732609
0.00450112528132 0.07516458159
0.00525131282821 0.11408491213
0.00600150037509 0.128557409697
0.00675168792198 0.0105113719917
0.00750187546887 -0.0564627945607
0.00825206301575 -0.137727945023
0.00900225056264 0.112754955652
0.00975243810953 0.0580152717106
0.0105026256564 -0.0642820846198
0.0112528132033 0.0469379118713
0.0120030007502 -0.0751863091871
0.0127531882971 -0.0532851586279
0.013503375844 0.0507052118951
0.0142535633908 -0.320586838922
0.0150037509377 -0.0888762246773
0.0157539384846 -0.121841662714
0.0165041260315 0.00715133637559
0.0172543135784 0.0147983329605
0.0180045011253 -0.0228222510423
0.0187546886722 0.00572357451397
0.0195048762191 0.158301805265
0.0202550637659 0.0112885119026
0.0210052513128 -0.022864188615
0.0217554388597 0.0211127130379
0.0225056264066 -0.0547114077857
0.0232558139535 0.181033591262
0.0240060015004 0.106582136092
0.0247561890473 -0.105346040888
0.0255063765941 -0.0366980630776
0.026256564141 0.0280449367086
0.0270067516879 0.0485322231722
0.0277569392348 -0.070076028475
0.0285071267817 -0.119513169314
0.0292573143286 -0.206450643579
0.0300075018755 0.088227538923
0.0307576894224 0.155588864583
0.0315078769692 -0.058319298471
0.0322580645161 -0.0132654061294
0.033008252063 0.112743554419
0.0337584396099 -0.0518187651235
0.0345086271568 -0.034821561804
0.0352588147037 0.0516005063801
0.0360090022506 -0.11625002684
0.0367591897974 -0.0718804091292
0.0375093773443 0.0235089022706
0.0382595648912 0.0584252790506
0.0390097524381 0.105461383785
0.039759939985 0.08116099626
0.0405101275319 0.0136113115175
0.0412603150788 -0.0184738031376
0.0420105026257 0.0624616603963
0.0427606901725 0.0592665913237
0.0435108777194 0.0654113068201
0.0442610652663 -0.0195519256607
0.0450112528132 0.031002568194
0.0457614403601 -0.0156092043407
0.046511627907 -0.0725519739531
0.0472618154539 0.0970317789797
0.0480120030008 0.0725324145133
0.0487621905476 -0.167277465904
0.0495123780945 0.000808684867617
0.0502625656414 -0.0379301083651
0.0510127531883 0.0371787753861
0.0517629407352 0.100223084218
0.0525131282821 -0.0725197407321
0.053263315829 -0.0686653241895
0.0540135033758 -0.0197477479156
0.0547636909227 -0.0280817218362
0.0555138784696 -0.0167431714537
0.0562640660165 0.0506332581083
0.0570142535634 -0.0545484045185
0.0577644411103 -0.0553726295295
0.0585146286572 -0.0305968982312
0.0592648162041 -0.14832614824
0.0600150037509 0.159554476982
0.0607651912978 -0.295087384303
0.0615153788447 -0.05824130645
0.0622655663916 0.0538307762387
0.0630157539385 -0.00444407895909
0.0637659414854 -0.021635844032
0.0645161290323 -0.0304375293985
0.0652663165791 0.00348421460803
0.066016504126 0.116615615796
0.0667666916729 0.0617607846113
0.0675168792198 -0.0300724527894
0.0682670667667 -0.107127720698
0.0690172543136 -0.0647677216179
0.0697674418605 -0.0588146043912
0.0705176294074 -0.0708351439673
0.0712678169542 -0.0923883119439
0.0720180045011 -0.21453135435
0.072768192048 0.0230702384463
0.0735183795949 0.0808344808094
0.0742685671418 -0.126981626569
0.0750187546887 0.223897262498
0.0757689422356 -0.00105970936303
0.0765191297824 0.039845649304
0.0772693173293 -0.0768414336124
0.0780195048762 0.0366207891438
0.0787696924231 -0.116069304817
0.07951987997 -0.0254216045377
0.0802700675169 0.0693105353743
0.0810202550638 -0.0983798777506
0.0817704426107 -0.0603033351344
0.0825206301575 -0.131093419702
0.0832708177044 -0.0550197209359
0.0840210052513 0.0709080033593
0.0847711927982 0.0916832225387
0.0855213803451 0.163110246143
0.086271567892 0.00726911600943
0.0870217554389 0.0695191850238
0.0877719429857 -0.0214691670415
0.0885221305326 -0.028208193144
0.0892723180795 -0.0704763869246
0.0900225056264 0.0463438774486
0.0907726931733 -0.0517323559704
0.0915228807202 -0.115131864321
0.0922730682671 0.0291292660581
0.093023255814 0.120677635841
0.0937734433608 -0.0756958233992
0.0945236309077 -0.00484618433868
0.0952738184546 0.196047503499
0.0960240060015 -0.0481579022901
0.0967741935484 -0.100400124419
0.0975243810953 0.0553713073716
0.0982745686422 0.00302796994843
0.099024756189 -0.076934911685
0.0997749437359 0.198147268738
0.100525131283 0.190644053476
0.10127531883 0.0366984042115
0.102025506377 -0.0655067826617
0.102775693923 0.107663440626
0.10352588147 -0.0415492918633
0.104276069017 0.0201847505325
0.105026256564 0.0495333086428
0.105776444111 -0.0647857737696
0.106526631658 -0.000180823396035
0.107276819205 0.0598055262806
0.108027006752 -0.0994734770063
0.108777194299 -0.0518846639767
0.109527381845 -0.0844887658396
0.110277569392 -0.0845537464614
0.111027756939 -0.190743450057
0.111777944486 -0.0924867849041
0.112528132033 0.0528615575627
0.11327831958 0.137238953709
0.114028507127 -0.0245958823915
0.114778694674 0.027048087432
0.115528882221 0.247206153656
0.116279069767 0.0408254378132
0.117029257314 0.052404652472
0.117779444861 0.0952974421489
0.118529632408 0.235883080835
0.119279819955 0.245293415921
0.120030007502 -0.00684127086035
0.120780195049 0.0611213394823
0.121530382596 -0.0807901009456
0.122280570143 -0.00184593870757
0.123030757689 -0.0185660427972
0.123780945236 -0.00533848627045
0.124531132783 0.192193090569
0.12528132033 0.107599896531
0.126031507877 0.0117066056902
0.126781695424 0.155711960718
0.127531882971 0.0613761521494
0.128282070518 0.0224173430226
0.129032258065 0.177326443022
0.129782445611 0.0941096735323
0.130532633158 -0.136466475208
0.131282820705 0.0361948689706
0.132033008252 -0.0171455091133
0.132783195799 -0.0483964850209
0.133533383346 -0.0454257804103
0.134283570893 0.169277093809
0.13503375844 -0.17964393568
0.135783945986 -0.100680180864
0.136534133533 0.193031848048
0.13728432108 -0.0471963514391
0.138034508627 -0.0466140120253
0.138784696174 -0.190760403207
0.139534883721 0.0534513662207
0.140285071268 0.0188894198552
0.141035258815 -0.035865676399
0.141785446362 0.0346793174341
0.142535633908 -0.22651824242
0.143285821455 -0.15423779478
0.144036009002 -0.0069983173511
0.144786196549 -0.0158837369584
0.145536384096 0.101218724211
0.146286571643 -0.10928174373
0.14703675919 -0.00502784733602
0.147786946737 0.0259776997021
0.148537134284 0.0793798509995
0.14928732183 0.00248415374874
0.150037509377 0.132116570464
0.150787696924 0.13777725544
0.151537884471 0.034641663468
0.152288072018 -0.0938508344893
0.153038259565 -0.0347236988987
0.153788447112 0.0082931743192
0.154538634659 -0.0115597920014
0.155288822206 -0.0639673402857
0.156039009752 -0.0411041541415
0.156789197299 -0.0206178163663
0.157539384846 0.00612660910483
0.158289572393 -0.0607485451683
0.15903975994 0.0374606460514
0.159789947487 0.00400950838223
0.160540135034 -0.114349132744
0.161290322581 -0.115673673288
0.162040510128 -0.0165095999374
0.162790697674 -0.0319843298905
0.163540885221 -0.0154390561872
0.164291072768 -0.0766831763211
0.165041260315 0.0372818092572
0.165791447862 -0.0755678436643
0.166541635409 0.0371475335691
0.167291822956 0.0481260905342
0.168042010503 0.0527918196216
0.16879219805 0.0397179160379
0.169542385596 0.187527221473
0.170292573143 0.0179064941036
0.17104276069 0.00103542940168
0.171792948237 0.00549147027906
0.172543135784 -0.0356726382651
0.173293323331 -0.0386166906687
0.174043510878 0.0281983011016
0.174793698425 -0.0758220328016
0.175543885971 -0.0594733457188
0.176294073518 0.0622022396007
0.177044261065 -0.115549270067
0.177794448612 -0.0637864649515
0.178544636159 0.0261506427058
0.179294823706 0.0803874412808
0.180045011253 0.0754831179628
0.1807951988 0.117654680878
0.181545386347 0.0615996365313
0.182295573893 -0.0522062745831
0.18304576144 0.148851678724
0.183795948987 -0.0311247185826
0.184546136534 0.0225835281204
0.185296324081 0.062341554747
0.186046511628 0.000644016304202
0.186796699175 0.177272584977
0.187546886722 -0.0315711610926
0.188297074269 -0.236072825224
0.189047261815 -0.0243913570501
0.189797449362 0.119157140237
0.190547636909 0.0798133616812
0.191297824456 0.228265568225
0.192048012003 0.196706092242
0.19279819955 0.257676125428
0.193548387097 0.229466779481
0.194298574644 0.129575939373
0.195048762191 -0.159663187618
0.195798949737 -0.0756853292554
0.196549137284 -0.19829267363
0.197299324831 -0.036192838461
0.198049512378 -0.0375609856482
0.198799699925 0.0772779407245
0.199549887472 0.0158692295797
0.200300075019 0.0133553641178
0.201050262566 -0.00449124690177
0.201800450113 0.00926295463137
0.202550637659 0.0855154352023
0.203300825206 -0.0347739818647
0.204051012753 -0.0643242283267
0.2048012003 0.07814766724
0.205551387847 0.00825764870436
0.206301575394 -0.0314357825201
0.207051762941 0.0520955714071
0.207801950488 0.00888960483
0.208552138035 -0.139253857138
0.209302325581 0.152002510543
0.210052513128 -0.0359915309096
0.210802700675 -0.062857576204
0.211552888222 -0.0891005660566
0.212303075769 -0.26784632835
0.213053263316 -0.00361430043098
0.213803450863 -0.0241994068137
0.21455363841 0.110225667946
0.215303825956 0.143787734169
0.216054013503 -0.0375358297853
0.21680420105 0.0835510053125
0.217554388597 0.0700179145604
0.218304576144 -0.129608819421
0.219054763691 0.0452910105638
0.219804951238 0.0207622586154
0.220555138785 -0.0026888402287
0.221305326332 0.0433768923591
0.222055513878 -0.0603015023305
0.222805701425 -0.0350554032991
0.223555888972 -0.0824860842098
0.224306076519 0.0344205186155
0.225056264066 0.135829020976
0.225806451613 -0.0169909426083
0.22655663916 0.144734688588
0.227306826707 -0.00754793253349
0.228057014254 0.0717465252956
0.2288072018 0.155763568488
0.229557389347 0.0118503216255
0.230307576894 0.023241228754
0.231057764441 0.13814336851
0.231807951988 -0.0599240329733
0.232558139535 -0.0877969378903
0.233308327082 -0.154179095092
0.234058514629 0.141220502105
0.234808702176 -0.00622597456475
0.235558889722 0.0514028367618
0.236309077269 -0.0902529405973
0.237059264816 -0.0716518825766
0.237809452363 0.0650838209551
0.23855963991 0.00677647312364
0.239309827457 0.0534858574703
0.240060015004 -0.165391907606
0.240810202551 -0.0562612197456
0.241560390098 -0.00755527220715
0.242310577644 0.14149708829
0.243060765191 -0.0290434031732
0.243810952738 -0.056516420971
0.244561140285 -0.0938581670214
0.245311327832 -0.181540006819
0.246061515379 -0.119962281836
0.246811702926 0.307421692352
0.247561890473 0.0492224718543
0.24831207802 0.12098866591
0.249062265566 0.101084648521
0.249812453113 0.068699262698
0.25056264066 -0.106083550325
0.251312828207 -0.093704278392
0.252063015754 0.210737005933
0.252813203301 0.0851020608756
0.253563390848 0.133778218107
0.254313578395 0.0514022016751
0.255063765941 -0.0270843849836
0.255813953488 0.158355823462
0.256564141035 0.0217272035514
0.257314328582 -0.0816998377901
0.258064516129 0.0745343106798
0.258814703676 -0.122630667952
0.259564891223 -0.214869202921
0.26031507877 -0.0086953110277
0.261065266317 0.232889952762
0.261815453863 0.0272698288205
0.26256564141 0.0754748192557
0.263315828957 0.110083526202
0.264066016504 0.113287319494
0.264816204051 0.119656393276
0.265566391598 -0.0757873396713
0.266316579145 0.182328395713
0.267066766692 -0.0394055962284
0.267816954239 0.0255233525068
0.268567141785 0.120634466241
0.269317329332 -0.020302389384
0.270067516879 0.0431062775105
0.270817704426 0.0530378426783
0.271567891973 -0.0483034459589
0.27231807952 -0.0492207559073
0.273068267067 -0.121382393549
0.273818454614 -0.126405001362
0.274568642161 -0.0289539754325
0.275318829707 0.186500927424
0.276069017254 0.0249713438912
0.276819204801 -0.117958676592
0.277569392348 -0.0478029529852
0.278319579895 -0.136946013404
0.279069767442 -0.051773233974
0.279819954989 0.0902783947672
0.280570142536 0.00178174299815
0.281320330083 0.115185848379
0.282070517629 0.0554080910984
0.282820705176 -0.0579998960613
0.283570892723 -0.232220314775
0.28432108027 0.0381355392386
0.285071267817 -0.142335523722
0.285821455364 -0.0284010929081
0.286571642911 -0.280852525621
0.287321830458 -0.159929972101
0.288072018005 0.00830985570297
0.288822205551 0.0912922198871
0.289572393098 -0.0409182174825
0.290322580645 0.00454049946078
0.291072768192 0.0244140424971
0.291822955739 -0.00705487064671
0.292573143286 0.143506837207
0.293323330833 -0.149703504655
0.29407351838 -0.147673557531
0.294823705926 0.0933198763153
0.295573893473 0.0375061109824
0.29632408102 0.147348807352
0.297074268567 -0.141324294399
0.297824456114 0.00112273694528
0.298574643661 0.146982056797
0.299324831208 0.0636108283751
0.300075018755 0.0886001029114
0.300825206302 0.077976215452
0.301575393848 0.0230069658247
0.302325581395 -0.014889088489
0.303075768942 -0.0646801482929
0.303825956489 -0.0214374161778
0.304576144036 -0.0112035607028
0.305326331583 0.151445469256
0.30607651913 0.0150006214056
0.306826706677 -0.0790529858522
0.307576894224 -0.119823226013
0.30832708177 0.102100482172
0.309077269317 -0.0219117219368
0.309827456864 -0.0257924618642
0.310577644411 0.037722778478
0.311327831958 -0.149568133252
0.312078019505 0.033778120792
0.312828207052 -0.219499560218
0.313578394599 -0.206222019348
0.314328582146 -0.150052467515
0.315078769692 -0.0702873464655
0.315828957239 0.0139511271731
0.316579144786 0.119040115397
0.317329332333 0.149369054562
0.31807951988 0.0634955003981
0.318829707427 -0.124420669116
0.319579894974 -0.0216482099957
0.320330082521 -0.125048211718
0.321080270068 -0.0371513234385
0.321830457614 -0.0620866188846
0.322580645161 0.00972620063901
0.323330832708 0.048262610125
0.324081020255 0.066937079504
0.324831207802 0.0811367756151
0.325581395349 -0.0193530754408
0.326331582896 0.160452213294
0.327081770443 0.124383260805
0.327831957989 -0.0379297024542
0.328582145536 -0.0226459110662
0.329332333083 -0.00718458512964
0.33008252063 0.0811075947387
0.330832708177 0.232876244085
0.331582895724 0.118145937328
0.332333083271 -0.00474122575699
0.333083270818 0.0604353391844
0.333833458365 -0.0104892625556
0.334583645911 0.201502195373
0.335333833458 -0.13003527508
0.336084021005 -0.156583801215
0.336834208552 0.152926979676
0.337584396099 0.0172444908411
0.338334583646 -0.0384314263064
0.339084771193 -0.0568487536025
0.33983495874 0.0317852645197
0.340585146287 -0.070094913661
0.341335333833 -0.0590217083236
0.34208552138 0.0646875648481
0.342835708927 0.141717458359
0.343585896474 -0.0807230529041
0.344336084021 -0.0285364833525
0.345086271568 -0.215111537282
0.345836459115 0.160565372857
0.346586646662 -0.0896067334051
0.347336834209 0.021012878681
0.348087021755 -0.0510268623837
0.348837209302 0.0120770516543
0.349587396849 0.0889717811309
0.350337584396 0.0714230599809
0.351087771943 0.0211757955048
0.35183795949 -0.00410168835617
0.352588147037 0.115913580543
0.353338334584 0.0182951373207
0.354088522131 0.0597708925446
0.354838709677 0.0745095811386
0.355588897224 0.0919111850911
0.356339084771 0.0716923983553
0.357089272318 0.146968857956
0.357839459865 -0.0494135695726
0.358589647412 0.121381723155
0.359339834959 0.0164941109058
0.360090022506 0.231052160045
0.360840210053 0.0163018108608
0.361590397599 0.0570848946472
0.362340585146 0.112269432706
0.363090772693 0.0414289702528
0.36384096024 0.12954770268
0.364591147787 0.129238554222
0.365341335334 0.0161980664641
0.366091522881 0.132292079033
0.366841710428 -0.0301985532739
0.367591897974 0.0881353455172
0.368342085521 0.0999439128415
0.369092273068 0.096608071633
0.369842460615 0.0861893050548
0.370592648162 -0.0658007431936
0.371342835709 0.0439739433041
0.372093023256 -0.107129656792
0.372843210803 0.0408969544177
0.37359339835 0.058364031731
0.374343585896 -0.0133091054425
0.375093773443 0.165941553033
0.37584396099 -0.123332211906
0.376594148537 0.140322204228
0.377344336084 0.0641226072483
0.378094523631 0.127008458275
0.378844711178 0.0885325740964
0.379594898725 0.0979273330322
0.380345086272 -0.00179311959186
0.381095273818 0.0281467855193
0.381845461365 0.0989669114248
0.382595648912 0.101405992119
0.383345836459 0.177125967737
0.384096024006 0.127205711489
0.384846211553 0.187706174207
0.3855963991 0.192835928977
0.386346586647 -0.126912541481
0.387096774194 0.264469725547
0.38784696174 0.256737473933
0.388597149287 -0.0176835173428
0.389347336834 0.385190976218
0.390097524381 0.292019961418
0.390847711928 0.154568313489
0.391597899475 0.142258160451
0.392348087022 0.29126064514
0.393098274569 0.0306820601796
0.393848462116 0.0965320392365
0.394598649662 0.336580283287
0.395348837209 0.187928931954
0.396099024756 0.235867101946
0.396849212303 0.251025464768
0.39759939985 0.329750587649
0.398349587397 0.205762481063
0.399099774944 0.275469191512
0.399849962491 0.076635124572
0.400600150038 0.315802832877
0.401350337584 0.304159468849
0.402100525131 0.190725575058
0.402850712678 0.235467998414
0.403600900225 0.174923529399
0.404351087772 0.206258464568
0.405101275319 0.232169912434
0.405851462866 0.269592382936
0.406601650413 0.237549068434
0.407351837959 0.321367206437
0.408102025506 0.264560905753
0.408852213053 0.119118181033
0.4096024006 0.471249676773
0.410352588147 0.382140651127
0.411102775694 0.274812887253
0.411852963241 0.59144642698
0.412603150788 0.424760727284
0.413353338335 0.471672231701
0.414103525881 0.280658127554
0.414853713428 0.434915546841
0.415603900975 0.387223400554
0.416354088522 0.526623528633
0.417104276069 0.442526797208
0.417854463616 0.644098401555
0.418604651163 0.518307249589
0.41935483871 0.406050050096
0.420105026257 0.294452746266
0.420855213803 0.379808849396
0.42160540135 0.407110270698
0.422355588897 0.732214053717
0.423105776444 0.404090897385
0.423855963991 0.509246378007
0.424606151538 0.561183908473
0.425356339085 0.509913242403
0.426106526632 0.403977366653
0.426856714179 0.645935193741
0.427606901725 0.521780524369
0.428357089272 0.564303725989
0.429107276819 0.629823731318
0.429857464366 0.56176394889
0.430607651913 0.472887338216
0.43135783946 0.52489155445
0.432108027007 0.6319172867
0.432858214554 0.697313840152
0.433608402101 0.724899586847
0.434358589647 0.881037857586
0.435108777194 0.748424327649
0.435858964741 0.707103313122
0.436609152288 0.778758677875
0.437359339835 0.663896004944
0.438109527382 0.85446479247
0.438859714929 0.774504947417
0.439609902476 0.87681869782
0.440360090023 0.768312078824
0.441110277569 0.742753756726
0.441860465116 0.768071875559
0.442610652663 0.760017926554
0.44336084021 0.74520058741
0.444111027757 0.838354645871
0.444861215304 1.09175779966
0.445611402851 1.06846154677
0.446361590398 0.844628502502
0.447111777944 0.892634478102
0.447861965491 0.848050619963
0.448612153038 0.827374805378
0.449362340585 0.857431417538
0.450112528132 1.05372480825
0.450862715679 0.982996017735
0.451612903226 1.11465462837
0.452363090773 1.13303628288
0.45311327832 1.15302082315
0.453863465866 1.13809155041
0.454613653413 1.08648405891
0.45536384096 1.07500779882
0.456114028507 1.10615639487
0.456864216054 1.18481850923
0.457614403601 1.33697479924
0.458364591148 1.17908908372
0.459114778695 1.22785576879
0.459864966242 1.05978714386
0.460615153788 1.10624273204
0.461365341335 1.29376892282
0.462115528882 1.24430084687
0.462865716429 1.37269374395
0.463615903976 1.39605476485
0.464366091523 1.42893271865
0.46511627907 1.39140233426
0.465866466617 1.29676435223
0.466616654164 1.21023105768
0.46736684171 1.29921800614
0.468117029257 1.27253073056
0.468867216804 1.34926052425
0.469617404351 1.42742958213
0.470367591898 1.28625357257
0.471117779445 1.11258311305
0.471867966992 1.46199419025
0.472618154539 1.44684226456
0.473368342086 1.26729003913
0.474118529632 1.51844586652
0.474868717179 1.39390427306
0.475618904726 1.4360021313
0.476369092273 1.32183306735
0.47711927982 1.4814748363
0.477869467367 1.64430057444
0.478619654914 1.51232503334
0.479369842461 1.57366674337
0.480120030008 1.6082361674
0.480870217554 1.5382745951
0.481620405101 1.49636117496
0.482370592648 1.53566670038
0.483120780195 1.5825265596
0.483870967742 1.61479570454
0.484621155289 1.67713374987
0.485371342836 1.59043510237
0.486121530383 1.62187562834
0.486871717929 1.57181021359
0.487621905476 1.59478758615
0.488372093023 1.67065157661
0.48912228057 1.57716424231
0.489872468117 1.5594314098
0.490622655664 1.68163196019
0.491372843211 1.75612593507
0.492123030758 1.41613568581
0.492873218305 1.65928932484
0.493623405851 1.53399571421
0.494373593398 1.58945243752
0.495123780945 1.51302548461
0.495873968492 1.72438857824
0.496624156039 1.65805991533
0.497374343586 1.68289083765
0.498124531133 1.53209331842
0.49887471868 1.68610435218
0.499624906227 1.72789948655
0.500375093773 1.54610306896
0.50112528132 1.66122111485
0.501875468867 1.81570574923
0.502625656414 1.82349014952
0.503375843961 1.8013642049
0.504126031508 1.6077681961
0.504876219055 1.83134455276
0.505626406602 1.56343433751
0.506376594149 1.68227984495
0.507126781695 1.73000238576
0.507876969242 1.60621177909
0.508627156789 1.63942745208
0.509377344336 1.57699777615
0.510127531883 1.531925363
0.51087771943 1.7141871364
0.511627906977 1.69338942923
0.512378094524 1.53904578496
0.513128282071 1.52098794286
0.513878469617 1.72397169513
0.514628657164 1.49810363721
0.515378844711 1.57672062508
0.516129032258 1.68031685122
0.516879219805 1.72445673189
0.517629407352 1.57497902859
0.518379594899 1.50083095955
0.519129782446 1.60768379087
0.519879969992 1.56476960957
0.520630157539 1.3508669885
0.521380345086 1.48527053172
0.522130532633 1.55498195342
0.52288072018 1.49851071955
0.523630907727 1.60193726426
0.524381095274 1.44718334089
0.525131282821 1.25190529842
0.525881470368 1.51731051921
0.526631657914 1.53940651255
0.527381845461 1.52864145101
0.528132033008 1.40542636455
0.528882220555 1.3740720292
0.529632408102 1.20799507257
0.530382595649 1.29830864433
0.531132783196 1.33431374809
0.531882970743 1.38998450726
0.53263315829 1.24655125285
0.533383345836 1.29247411593
0.534133533383 1.35530832634
0.53488372093 1.48345213123
0.535633908477 1.30090393004
0.536384096024 1.19843841237
0.537134283571 1.31936415938
0.537884471118 1.32795741786
0.538634658665 1.24771691105
0.539384846212 1.34836206068
0.540135033758 1.41322666305
0.540885221305 1.32748771815
0.541635408852 1.19498208082
0.542385596399 1.19345561924
0.543135783946 1.10700626839
0.543885971493 1.08421078227
0.54463615904 1.19615283744
0.545386346587 1.038451048
0.546136534134 1.21086782353
0.54688672168 0.997126510706
0.547636909227 1.10321752427
0.548387096774 0.819668580045
0.549137284321 1.0062301721
0.549887471868 0.960175458114
0.550637659415 0.788569627618
0.551387846962 1.12822275803
0.552138034509 0.91382397479
0.552888222056 0.720187646681
0.553638409602 0.917639775572
0.554388597149 1.11069711653
0.555138784696 0.898151944484
0.555888972243 0.982890034938
0.55663915979 1.0001555445
0.557389347337 0.900963619591
0.558139534884 0.978189256404
0.558889722431 0.822210926944
0.559639909977 0.849734456176
0.560390097524 0.859092516679
0.561140285071 0.742179096034
0.561890472618 0.855414169948
0.562640660165 0.760743372265
0.563390847712 0.862569811907
0.564141035259 0.717422884178
0.564891222806 0.604428831336
0.565641410353 0.698560595662
0.566391597899 0.619847690928
0.567141785446 0.625642056397
0.567891972993 0.682855373649
0.56864216054 0.646319386958
0.569392348087 0.685573347126
0.570142535634 0.868627208883
0.570892723181 0.575360515706
0.571642910728 0.553157028074
0.572393098275 0.614514821102
0.573143285821 0.529790885643
0.573893473368 0.527064756583
0.574643660915 0.316892898648
0.575393848462 0.497626390308
0.576144036009 0.517925244898
0.576894223556 0.353632842331
0.577644411103 0.550317951566
0.57839459865 0.506838213474
0.579144786197 0.472657074867